-13.1384277745895 -0.121133366675798
-13.1834532761926 -0.101916763606637
-13.2211071381547 -0.0837438331995051
-13.251732566191 -0.0665652929533249
-13.2756587528736 -0.0503341383172154
-13.2932014444919 -0.0350055358067902
-13.3046634844703 -0.020536721283477
-13.3078884065408 -0.0069703694709659
-13.308083149573 0.00590112269367192
-13.3030328914557 0.0180296072040763
-13.2929938738711 0.029450494578159
-13.2782118337442 0.040197565701262
-13.2584346294197 0.0502869861983767
-13.2348706274559 0.0597819585388434
-13.2072418094781 0.0686954110956769
-13.1757559464696 0.0770553283929531
-13.1406122483391 0.0848884095352529
-13.0995648749942 0.0921426453728982
-13.0577041648406 0.0989988994629301
-13.0127347029583 0.105401245376487
