step time dx dv
0 0.000000 0.024000 0.000000
100 0.050000 0.023368 -0.025189
200 0.100000 0.021501 -0.049176
300 0.150000 0.018490 -0.070783
400 0.200000 0.014481 -0.088896
500 0.250000 0.009676 -0.102496
600 0.300000 0.004321 -0.110721
700 0.350000 -0.001296 -0.112925
800 0.400000 -0.006865 -0.108753
900 0.450000 -0.012065 -0.098206
1000 0.500000 -0.016586 -0.081702
1100 0.550000 -0.020150 -0.060092
1200 0.600000 -0.022531 -0.034638
1300 0.650000 -0.023576 -0.006934
1400 0.700000 -0.023217 0.021225
1500 0.750000 -0.021477 0.047998
1600 0.800000 -0.018469 0.071674
1700 0.850000 -0.014385 0.090815
1800 0.900000 -0.009481 0.104361
1900 0.950000 -0.004053 0.111685
2000 1.000000 0.001581 0.112584
2100 1.050000 0.007101 0.107247
2200 1.100000 0.012210 0.096187
2300 1.150000 0.016637 0.080168
2400 1.200000 0.020160 0.060140
2500 1.250000 0.022602 0.037176
2600 1.300000 0.023847 0.012427
2700 1.350000 0.023835 -0.012913
2800 1.400000 0.022566 -0.037638
2900 1.450000 0.020102 -0.060556
3000 1.500000 0.016560 -0.080517
3100 1.550000 0.012117 -0.096449
3200 1.600000 0.006998 -0.107406
3300 1.650000 0.001472 -0.112627
3400 1.700000 -0.004160 -0.111605
3500 1.750000 -0.009581 -0.104158
3600 1.800000 -0.014472 -0.090497
3700 1.850000 -0.018537 -0.071257
3800 1.900000 -0.021523 -0.047507
3900 1.950000 -0.023237 -0.020691
4000 2.000000 -0.023569 0.007476
4100 2.050000 -0.022497 0.035154
4200 2.100000 -0.020092 0.060549
4300 2.150000 -0.016507 0.082071
4400 2.200000 -0.011970 0.098467
4500 2.250000 -0.006760 0.108893
4600 2.300000 -0.001187 0.112942
4700 2.350000 0.004428 0.110618
4800 2.400000 0.009774 0.102283
4900 2.450000 0.014566 0.088587
5000 2.500000 0.018558 0.070397
5100 2.550000 0.021548 0.048733
5200 2.600000 0.023392 0.024712
5300 2.650000 0.024000 -0.000488
5400 2.700000 0.023343 -0.025666
5500 2.750000 0.021454 -0.049617
5600 2.800000 0.018422 -0.071168
5700 2.850000 0.014396 -0.089203
5800 2.900000 0.009577 -0.102708
5900 2.950000 0.004215 -0.110822
6000 3.000000 -0.001405 -0.112906
6100 3.050000 -0.006969 -0.108609
6200 3.100000 -0.012159 -0.097943
6300 3.150000 -0.016664 -0.081332
6400 3.200000 -0.020207 -0.059635
6500 3.250000 -0.022564 -0.034121
6600 3.300000 -0.023582 -0.006390
6700 3.350000 -0.023196 0.021759
6800 3.400000 -0.021430 0.048488
6900 3.450000 -0.018400 0.072089
7000 3.500000 -0.014298 0.091130
7100 3.550000 -0.009380 0.104562
7200 3.600000 -0.003945 0.111763
7300 3.650000 0.001689 0.112539
7400 3.700000 0.007204 0.107087
7500 3.750000 0.012302 0.095923
7600 3.800000 0.016714 0.079818
7700 3.850000 0.020217 0.059723
7800 3.900000 0.022638 0.036713
7900 3.950000 0.023859 0.011942
8000 4.000000 0.023823 -0.013398
8100 4.050000 0.022530 -0.038100
8200 4.100000 0.020043 -0.060972
8300 4.150000 0.016483 -0.080865
8400 4.200000 0.012024 -0.096710
8500 4.250000 0.006895 -0.107563
8600 4.300000 0.001364 -0.112667
8700 4.350000 -0.004267 -0.111522
8800 4.400000 -0.009681 -0.103953
8900 4.450000 -0.014559 -0.090176
9000 4.500000 -0.018606 -0.070839
9100 4.550000 -0.021568 -0.047016
9200 4.600000 -0.023257 -0.020156
9300 4.650000 -0.023562 0.008019
9400 4.700000 -0.022463 0.035670
9500 4.750000 -0.020033 0.061004
9600 4.800000 -0.016428 0.082438
9700 4.850000 -0.011876 0.098726
9800 4.900000 -0.006656 0.109032
9900 4.950000 -0.001079 0.112957
10000 5.000000 0.004534 0.110513
10100 5.050000 0.009872 0.102068
10200 5.100000 0.014651 0.088277
10300 5.150000 0.018625 0.070010
10400 5.200000 0.021595 0.048290
10500 5.250000 0.023415 0.024235
10600 5.300000 0.023999 -0.000976
10700 5.350000 0.023318 -0.026141
10800 5.400000 0.021406 -0.050058
10900 5.450000 0.018353 -0.071551
11000 5.500000 0.014310 -0.089508
11100 5.550000 0.009478 -0.102917
11200 5.600000 0.004108 -0.110921
11300 5.650000 -0.001513 -0.112884
11400 5.700000 -0.007074 -0.108464
11500 5.750000 -0.012253 -0.097678
11600 5.800000 -0.016742 -0.080959
11700 5.850000 -0.020264 -0.059175
11800 5.900000 -0.022597 -0.033604
11900 5.950000 -0.023588 -0.005847
12000 6.000000 -0.023175 0.022292
12100 6.050000 -0.021383 0.048976
12200 6.100000 -0.018330 0.072502
12300 6.150000 -0.014210 0.091444
12400 6.200000 -0.009280 0.104761
12500 6.250000 -0.003838 0.111838
12600 6.300000 0.001797 0.112492
12700 6.350000 0.007307 0.106924
12800 6.400000 0.012394 0.095657
12900 6.450000 0.016791 0.079466
13000 6.500000 0.020274 0.059304
13100 6.550000 0.022673 0.036250
13200 6.600000 0.023870 0.011456
13300 6.650000 0.023810 -0.013882
13400 6.700000 0.022493 -0.038560
13500 6.750000 0.019984 -0.061386
13600 6.800000 0.016405 -0.081211
13700 6.850000 0.011931 -0.096968
13800 6.900000 0.006791 -0.107717
13900 6.950000 0.001256 -0.112705
14000 7.000000 -0.004375 -0.111437
14100 7.050000 -0.009781 -0.103745
14200 7.100000 -0.014646 -0.089854
14300 7.150000 -0.018674 -0.070419
14400 7.200000 -0.021613 -0.046523
14500 7.250000 -0.023276 -0.019621
14600 7.300000 -0.023554 0.008562
14700 7.350000 -0.022429 0.036184
14800 7.400000 -0.019974 0.061457
14900 7.450000 -0.016349 0.082803
15000 7.500000 -0.011781 0.098982
15100 7.550000 -0.006551 0.109168
15200 7.600000 -0.000970 0.112970
15300 7.650000 0.004640 0.110405
15400 7.700000 0.009970 0.101850
15500 7.750000 0.014736 0.087965
15600 7.800000 0.018692 0.069622
15700 7.850000 0.021641 0.047846
15800 7.900000 0.023438 0.023758
15900 7.950000 0.023998 -0.001464
16000 8.000000 0.023293 -0.026617
16100 8.050000 0.021357 -0.050498
16200 8.100000 0.018284 -0.071933
16300 8.150000 0.014223 -0.089812
16400 8.200000 0.009379 -0.103124
16500 8.250000 0.004001 -0.111017
16600 8.300000 -0.001622 -0.112860
16700 8.350000 -0.007178 -0.108315
16800 8.400000 -0.012347 -0.097410
16900 8.450000 -0.016820 -0.080584
17000 8.500000 -0.020321 -0.058715
17100 8.550000 -0.022629 -0.033085
17200 8.600000 -0.023594 -0.005304
17300 8.650000 -0.023153 0.022824
17400 8.700000 -0.021336 0.049463
17500 8.750000 -0.018260 0.072913
17600 8.800000 -0.014122 0.091756
17700 8.850000 -0.009179 0.104957
17800 8.900000 -0.003730 0.111911
17900 8.950000 0.001905 0.112442
18000 9.000000 0.007410 0.106759
18100 9.050000 0.012486 0.095389
18200 9.100000 0.016867 0.079112
18300 9.150000 0.020331 0.058885
18400 9.200000 0.022708 0.035786
18500 9.250000 0.023881 0.010970
18600 9.300000 0.023796 -0.014367
18700 9.350000 0.022456 -0.039020
18800 9.400000 0.019925 -0.061799
18900 9.450000 0.016326 -0.081556
19000 9.500000 0.011838 -0.097225
19100 9.550000 0.006688 -0.107869
19200 9.600000 0.001147 -0.112741
19300 9.650000 -0.004482 -0.111350
19400 9.700000 -0.009880 -0.103535
19500 9.750000 -0.014732 -0.089530
19600 9.800000 -0.018741 -0.069998
19700 9.850000 -0.021657 -0.046029
19800 9.900000 -0.023294 -0.019085
19900 9.950000 -0.023545 0.009104
20000 10.000000 -0.022394 0.036698
20100 10.050000 -0.019915 0.061909
20200 10.100000 -0.016269 0.083166
20300 10.150000 -0.011685 0.099237
20400 10.200000 -0.006446 0.109302
20500 10.250000 -0.000862 0.112980
20600 10.300000 0.004746 0.110296
20700 10.350000 0.010068 0.101631
20800 10.400000 0.014821 0.087651
20900 10.450000 0.018759 0.069232
21000 10.500000 0.021687 0.047401
21100 10.550000 0.023461 0.023279
21200 10.600000 0.023996 -0.001953
21300 10.650000 0.023267 -0.027092
21400 10.700000 0.021309 -0.050936
21500 10.750000 0.018215 -0.072314
21600 10.800000 0.014137 -0.090114
21700 10.850000 0.009280 -0.103329
21800 10.900000 0.003895 -0.111111
21900 10.950000 -0.001730 -0.112833
22000 11.000000 -0.007282 -0.108165
22100 11.050000 -0.012440 -0.097140
22200 11.100000 -0.016897 -0.080208
22300 11.150000 -0.020377 -0.058253
22400 11.200000 -0.022660 -0.032566
22500 11.250000 -0.023598 -0.004760
22600 11.300000 -0.023131 0.023356
22700 11.350000 -0.021288 0.049949
22800 11.400000 -0.018190 0.073323
22900 11.450000 -0.014033 0.092066
23000 11.500000 -0.009078 0.105151
23100 11.550000 -0.003623 0.111982
23200 11.600000 0.002013 0.112390
23300 11.650000 0.007513 0.106592
23400 11.700000 0.012578 0.095120
23500 11.750000 0.016943 0.078757
23600 11.800000 0.020388 0.058464
23700 11.850000 0.022742 0.035321
23800 11.900000 0.023892 0.010484
23900 11.950000 0.023782 -0.014851
24000 12.000000 0.022418 -0.039480
24100 12.050000 0.019866 -0.062211
24200 12.100000 0.016248 -0.081899
24300 12.150000 0.011744 -0.097479
24400 12.200000 0.006584 -0.108019
24500 12.250000 0.001039 -0.112774
24600 12.300000 -0.004589 -0.111260
24700 12.350000 -0.009980 -0.103323
24800 12.400000 -0.014818 -0.089204
24900 12.450000 -0.018808 -0.069575
25000 12.500000 -0.021701 -0.045533
25100 12.550000 -0.023312 -0.018549
25200 12.600000 -0.023536 0.009646
25300 12.650000 -0.022358 0.037210
25400 12.700000 -0.019855 0.062360
25500 12.750000 -0.016189 0.083527
25600 12.800000 -0.011590 0.099489
25700 12.850000 -0.006340 0.109434
25800 12.900000 -0.000753 0.112987
25900 12.950000 0.004852 0.110184
26000 13.000000 0.010166 0.101410
26100 13.050000 0.014905 0.087336
26200 13.100000 0.018825 0.068841
26300 13.150000 0.021732 0.046955
26400 13.200000 0.023483 0.022801
26500 13.250000 0.023994 -0.002441
26600 13.300000 0.023241 -0.027566
26700 13.350000 0.021259 -0.051374
26800 13.400000 0.018145 -0.072694
26900 13.450000 0.014050 -0.090414
27000 13.500000 0.009180 -0.103533
27100 13.550000 0.003788 -0.111203
27200 13.600000 -0.001839 -0.112804
27300 13.650000 -0.007386 -0.108012
27400 13.700000 -0.012534 -0.096868
27500 13.750000 -0.016974 -0.079830
27600 13.800000 -0.020433 -0.057789
27700 13.850000 -0.022691 -0.032045
27800 13.900000 -0.023603 -0.004217
27900 13.950000 -0.023108 0.023887
28000 14.000000 -0.021240 0.050434
28100 14.050000 -0.018119 0.073731
28200 14.100000 -0.013945 0.092373
28300 14.150000 -0.008977 0.105342
28400 14.200000 -0.003515 0.112050
28500 14.250000 0.002121 0.112336
28600 14.300000 0.007615 0.106422
28700 14.350000 0.012669 0.094849
28800 14.400000 0.017019 0.078401
28900 14.450000 0.020444 0.058042
29000 14.500000 0.022776 0.034856
29100 14.550000 0.023901 0.009998
29200 14.600000 0.023767 -0.015335
29300 14.650000 0.022380 -0.039939
29400 14.700000 0.019806 -0.062622
29500 14.750000 0.016169 -0.082240
29600 14.800000 0.011650 -0.097732
29700 14.850000 0.006480 -0.108167
29800 14.900000 0.000930 -0.112805
29900 14.950000 -0.004696 -0.111168
30000 15.000000 -0.010079 -0.103108
30100 15.050000 -0.014903 -0.088876
30200 15.100000 -0.018875 -0.069150
30300 15.150000 -0.021745 -0.045037
30400 15.200000 -0.023330 -0.018013
30500 15.250000 -0.023527 0.010188
30600 15.300000 -0.022322 0.037722
30700 15.350000 -0.019795 0.062809
30800 15.400000 -0.016108 0.083887
30900 15.450000 -0.011494 0.099738
31000 15.500000 -0.006235 0.109563
31100 15.550000 -0.000644 0.112993
31200 15.600000 0.004958 0.110070
31300 15.650000 0.010263 0.101187
31400 15.700000 0.014988 0.087019
31500 15.750000 0.018891 0.068449
31600 15.800000 0.021777 0.046508
31700 15.850000 0.023505 0.022322
31800 15.900000 0.023992 -0.002929
31900 15.950000 0.023214 -0.028040
32000 16.000000 0.021210 -0.051811
32100 16.050000 0.018075 -0.073072
32200 16.100000 0.013963 -0.090713
32300 16.150000 0.009081 -0.103734
32400 16.200000 0.003681 -0.111292
32500 16.250000 -0.001947 -0.112773
32600 16.300000 -0.007490 -0.107857
32700 16.350000 -0.012627 -0.096594
32800 16.400000 -0.017051 -0.079450
32900 16.450000 -0.020488 -0.057325
33000 16.500000 -0.022722 -0.031524
33100 16.550000 -0.023607 -0.003673
33200 16.600000 -0.023085 0.024418
33300 16.650000 -0.021191 0.050917
33400 16.700000 -0.018048 0.074137
33500 16.750000 -0.013856 0.092679
33600 16.800000 -0.008875 0.105531
33700 16.850000 -0.003407 0.112116
33800 16.900000 0.002229 0.112280
33900 16.950000 0.007717 0.106251
34000 17.000000 0.012760 0.094575
34100 17.050000 0.017094 0.078043
34200 17.100000 0.020499 0.057620
34300 17.150000 0.022809 0.034390
34400 17.200000 0.023911 0.009512
34500 17.250000 0.023752 -0.015819
34600 17.300000 0.022341 -0.040396
34700 17.350000 0.019745 -0.063031
34800 17.400000 0.016090 -0.082580
34900 17.450000 0.011556 -0.097983
35000 17.500000 0.006376 -0.108313
35100 17.550000 0.000822 -0.112834
35200 17.600000 -0.004802 -0.111073
35300 17.650000 -0.010178 -0.102891
35400 17.700000 -0.014989 -0.088545
35500 17.750000 -0.018941 -0.068723
35600 17.800000 -0.021788 -0.044540
35700 17.850000 -0.023347 -0.017476
35800 17.900000 -0.023517 0.010729
35900 17.950000 -0.022286 0.038233
36000 18.000000 -0.019735 0.063256
36100 18.050000 -0.016028 0.084244
36200 18.100000 -0.011398 0.099986
36300 18.150000 -0.006130 0.109689
36400 18.200000 -0.000536 0.112996
36500 18.250000 0.005064 0.109953
36600 18.300000 0.010360 0.100962
36700 18.350000 0.015072 0.086700
36800 18.400000 0.018957 0.068055
36900 18.450000 0.021822 0.046060
37000 18.500000 0.023526 0.021843
37100 18.550000 0.023989 -0.003417
37200 18.600000 0.023187 -0.028514
37300 18.650000 0.021160 -0.052248
37400 18.700000 0.018005 -0.073448
37500 18.750000 0.013876 -0.091010
37600 18.800000 0.008981 -0.103933
37700 18.850000 0.003574 -0.111380
37800 18.900000 -0.002055 -0.112739
37900 18.950000 -0.007593 -0.107700
38000 19.000000 -0.012719 -0.096318
38100 19.050000 -0.017127 -0.079068
38200 19.100000 -0.020543 -0.056858
38300 19.150000 -0.022752 -0.031003
38400 19.200000 -0.023610 -0.003129
38500 19.250000 -0.023061 0.024949
38600 19.300000 -0.021142 0.051400
38700 19.350000 -0.017977 0.074541
38800 19.400000 -0.013767 0.092982
38900 19.450000 -0.008774 0.105718
39000 19.500000 -0.003300 0.112180
39100 19.550000 0.002337 0.112221
39200 19.600000 0.007819 0.106078
39300 19.650000 0.012851 0.094301
39400 19.700000 0.017169 0.077684
39500 19.750000 0.020554 0.057196
39600 19.800000 0.022842 0.033923
39700 19.850000 0.023920 0.009025
39800 19.900000 0.023737 -0.016303
39900 19.950000 0.022302 -0.040854
40000 20.000000 0.019684 -0.063440
40100 20.050000 0.016010 -0.082919
40200 20.100000 0.011462 -0.098232
40300 20.150000 0.006272 -0.108457
40400 20.200000 0.000714 -0.112860
40500 20.250000 -0.004909 -0.110976
40600 20.300000 -0.010277 -0.102672
40700 20.350000 -0.015074 -0.088213
40800 20.400000 -0.019007 -0.068295
40900 20.450000 -0.021831 -0.044041
41000 20.500000 -0.023363 -0.016939
41100 20.550000 -0.023506 0.011271
41200 20.600000 -0.022249 0.038743
41300 20.650000 -0.019674 0.063702
41400 20.700000 -0.015946 0.084599
41500 20.750000 -0.011302 0.100231
41600 20.800000 -0.006024 0.109814
41700 20.850000 -0.000427 0.112996
41800 20.900000 0.005169 0.109835
41900 20.950000 0.010457 0.100735
42000 21.000000 0.015155 0.086380
42100 21.050000 0.019022 0.067660
42200 21.100000 0.021866 0.045612
42300 21.150000 0.023547 0.021363
42400 21.200000 0.023985 -0.003905
42500 21.250000 0.023159 -0.028987
42600 21.300000 0.021109 -0.052683
42700 21.350000 0.017934 -0.073824
42800 21.400000 0.013788 -0.091305
42900 21.450000 0.008881 -0.104130
43000 21.500000 0.003467 -0.111465
43100 21.550000 -0.002164 -0.112703
43200 21.600000 -0.007697 -0.107540
43300 21.650000 -0.012812 -0.096039
43400 21.700000 -0.017203 -0.078684
43500 21.750000 -0.020598 -0.056391
43600 21.800000 -0.022781 -0.030480
43700 21.850000 -0.023613 -0.002586
43800 21.900000 -0.023037 0.025478
43900 21.950000 -0.021093 0.051881
44000 22.000000 -0.017905 0.074944
44100 22.050000 -0.013677 0.093283
44200 22.100000 -0.008672 0.105903
44300 22.150000 -0.003192 0.112241
44400 22.200000 0.002445 0.112160
44500 22.250000 0.007921 0.105902
44600 22.300000 0.012941 0.094024
44700 22.350000 0.017243 0.077323
44800 22.400000 0.020609 0.056771
44900 22.450000 0.022874 0.033456
45000 22.500000 0.023928 0.008538
45100 22.550000 0.023721 -0.016786
45200 22.600000 0.022263 -0.041310
45300 22.650000 0.019623 -0.063847
45400 22.700000 0.015930 -0.083255
45500 22.750000 0.011367 -0.098480
45600 22.800000 0.006168 -0.108598
45700 22.850000 0.000605 -0.112885
45800 22.900000 -0.005016 -0.110877
45900 22.950000 -0.010375 -0.102451
46000 23.000000 -0.015158 -0.087878
46100 23.050000 -0.019072 -0.067866
46200 23.100000 -0.021873 -0.043542
46300 23.150000 -0.023380 -0.016401
46400 23.200000 -0.023495 0.011812
46500 23.250000 -0.022211 0.039252
46600 23.300000 -0.019612 0.064147
46700 23.350000 -0.015865 0.084953
46800 23.400000 -0.011205 0.100474
46900 23.450000 -0.005919 0.109936
47000 23.500000 -0.000319 0.112994
47100 23.550000 0.005275 0.109714
47200 23.600000 0.010554 0.100506
47300 23.650000 0.015238 0.086058
47400 23.700000 0.019087 0.067264
47500 23.750000 0.021909 0.045163
47600 23.800000 0.023567 0.020883
47700 23.850000 0.023981 -0.004392
47800 23.900000 0.023131 -0.029459
47900 23.950000 0.021059 -0.053117
48000 24.000000 0.017863 -0.074198
48100 24.050000 0.013700 -0.091598
48200 24.100000 0.008781 -0.104325
48300 24.150000 0.003360 -0.111547
48400 24.200000 -0.002272 -0.112664
48500 24.250000 -0.007800 -0.107377
48600 24.300000 -0.012904 -0.095758
48700 24.350000 -0.017278 -0.078298
48800 24.400000 -0.020652 -0.055922
48900 24.450000 -0.022810 -0.029957
49000 24.500000 -0.023615 -0.002042
49100 24.550000 -0.023012 0.026007
49200 24.600000 -0.021042 0.052361
49300 24.650000 -0.017833 0.075345
49400 24.700000 -0.013587 0.093582
49500 24.750000 -0.008570 0.106085
49600 24.800000 -0.003084 0.112299
49700 24.850000 0.002553 0.112096
49800 24.900000 0.008023 0.105724
49900 24.950000 0.013031 0.093745
50000 25.000000 0.017317 0.076961
50100 25.050000 0.020664 0.056345
50200 25.100000 0.022906 0.032988
50300 25.150000 0.023936 0.008051
50400 25.200000 0.023705 -0.017269
50500 25.250000 0.022223 -0.041766
50600 25.300000 0.019562 -0.064253
50700 25.350000 0.015850 -0.083591
50800 25.400000 0.011273 -0.098725
50900 25.450000 0.006063 -0.108738
51000 25.500000 0.000496 -0.112906
51100 25.550000 -0.005122 -0.110775
51200 25.600000 -0.010474 -0.102227
51300 25.650000 -0.015243 -0.087542
51400 25.700000 -0.019137 -0.067434
51500 25.750000 -0.021914 -0.043041
51600 25.800000 -0.023395 -0.015863
51700 25.850000 -0.023483 0.012352
51800 25.900000 -0.022173 0.039760
51900 25.950000 -0.019550 0.064590
52000 26.000000 -0.015783 0.085304
52100 26.050000 -0.011109 0.100715
52200 26.100000 -0.005813 0.110055
52300 26.150000 -0.000210 0.112990
52400 26.200000 0.005380 0.109591
52500 26.250000 0.010650 0.100275
52600 26.300000 0.015321 0.085734
52700 26.350000 0.019152 0.066867
52800 26.400000 0.021952 0.044713
52900 26.450000 0.023587 0.020403
53000 26.500000 0.023977 -0.004880
53100 26.550000 0.023103 -0.029931
53200 26.600000 0.021007 -0.053550
53300 26.650000 0.017791 -0.074570
53400 26.700000 0.013612 -0.091890
53500 26.750000 0.008680 -0.104518
53600 26.800000 0.003252 -0.111628
53700 26.850000 -0.002380 -0.112624
53800 26.900000 -0.007903 -0.107213
53900 26.950000 -0.012996 -0.095475
54000 27.000000 -0.017353 -0.077910
54100 27.050000 -0.020705 -0.055452
54200 27.100000 -0.022839 -0.029433
54300 27.150000 -0.023617 -0.001498
54400 27.200000 -0.022987 0.026536
54500 27.250000 -0.020992 0.052839
54600 27.300000 -0.017760 0.075744
54700 27.350000 -0.013497 0.093879
54800 27.400000 -0.008468 0.106265
54900 27.450000 -0.002976 0.112356
55000 27.500000 0.002660 0.112031
55100 27.550000 0.008124 0.105545
55200 27.600000 0.013121 0.093465
55300 27.650000 0.017391 0.076597
55400 27.700000 0.020718 0.055918
55500 27.750000 0.022937 0.032520
55600 27.800000 0.023944 0.007564
55700 27.850000 0.023688 -0.017751
55800 27.900000 0.022183 -0.042221
55900 27.950000 0.019500 -0.064658
56000 28.000000 0.015770 -0.083925
56100 28.050000 0.011178 -0.098969
56200 28.100000 0.005959 -0.108875
56300 28.150000 0.000388 -0.112926
56400 28.200000 -0.005229 -0.110671
56500 28.250000 -0.010572 -0.102001
56600 28.300000 -0.015327 -0.087204
56700 28.350000 -0.019202 -0.067001
56800 28.400000 -0.021955 -0.042540
56900 28.450000 -0.023410 -0.015324
57000 28.500000 -0.023471 0.012893
57100 28.550000 -0.022135 0.040267
57200 28.600000 -0.019488 0.065031
57300 28.650000 -0.015701 0.085654
57400 28.700000 -0.011012 0.100954
57500 28.750000 -0.005707 0.110173
57600 28.800000 -0.000101 0.112984
57700 28.850000 0.005486 0.109466
57800 28.900000 0.010747 0.100042
57900 28.950000 0.015403 0.085409
58000 29.000000 0.019216 0.066469
58100 29.050000 0.021995 0.044262
58200 29.100000 0.023606 0.019922
58300 29.150000 0.023972 -0.005368
58400 29.200000 0.023074 -0.030403
58500 29.250000 0.020956 -0.053982
58600 29.300000 0.017719 -0.074942
58700 29.350000 0.013524 -0.092180
58800 29.400000 0.008580 -0.104709
58900 29.450000 0.003145 -0.111706
59000 29.500000 -0.002489 -0.112580
59100 29.550000 -0.008006 -0.107046
59200 29.600000 -0.013088 -0.095190
59300 29.650000 -0.017428 -0.077521
59400 29.700000 -0.020758 -0.054980
59500 29.750000 -0.022867 -0.028908
59600 29.800000 -0.023618 -0.000954
59700 29.850000 -0.022961 0.027063
59800 29.900000 -0.020941 0.053317
59900 29.950000 -0.017687 0.076142
60000 30.000000 -0.013407 0.094174
