3.05 17.7786733181474 -0.0201220482273104 -8.83043119982756
3.06 17.7786733181474 -0.0201220482273104 -8.83043119982756
3.07 17.7786733181474 -0.0201220482273104 -8.83043119982756
3.08 17.7786733181474 -0.0201220482273104 -8.83043119982756
3.09 17.7786733181474 -0.0201220482273104 -8.83043119982756
3.1 17.7786733181474 -0.0201220482273104 -8.83043119982756
3.11 17.7786733181474 -0.0201220482273104 -8.83043119982756
3.12 17.7786733181474 -0.0201220482273104 -8.83043119982756
3.13 17.7786733181474 -0.0201220482273104 -8.83043119982756
3.14 17.7786733181474 -0.0201220482273104 -8.83043119982756
3.15 17.7786733181474 -0.0201220482273104 -8.83043119982756
3.16 17.7786733181474 -0.0201220482273104 -8.83043119982756
3.17 17.7786733181474 -0.0201220482273104 -8.83043119982756
3.18 17.7786733181474 -0.0201220482273104 -8.83043119982756
3.19 17.7786733181474 -0.0201220482273104 -8.83043119982756
3.2 17.7786733181474 -0.0201220482273104 -8.83043119982756
3.21 17.7786733181474 -0.0201220482273104 -8.83043119982756
3.22 17.7786733181474 -0.0201220482273104 -8.83043119982756
3.23 17.7786733181474 -0.0201220482273104 -8.83043119982756
3.24 17.7786733181474 -0.0201220482273104 -8.83043119982756
3.2 17.7786733181474 -0.0201220482273104 -8.83043119982756
3.2 17.7786733181474 -0.0201220482273104 -8.83043119982756
3.2 17.7786733181474 -0.0201220482273104 -8.83043119982756
3.2 17.7786733181474 -0.0201220482273104 -8.83043119982756
3.2 17.7786733181474 -0.0201220482273104 -8.83043119982756
3.2 17.7786733181474 -0.0201220482273104 -8.83043119982756
3.2 17.7786733181474 -0.0201220482273104 -8.83043119982756
