3.05 -8.31254715644233 -49.1111585493027
3.06 -8.34492213026859 -37.4492945792655
3.07 -8.36922790336374 -27.1705776066853
3.08 -8.38643480037459 -18.3823641456919
3.09 -8.39763521012856 -11.1719780872476
3.1 -8.40396071350043 -5.52339653717011
3.11 -8.40655171940912 -1.43410679814086
3.12 -8.40644533647808 1.68929340053241
3.13 -8.40391540724647 4.73250336180395
3.14 -8.39901534544014 7.64923884505557
3.15 -8.39181509648087 10.4407055250976
3.16 -8.382376672299 13.1520364670404
3.17 -8.37068496541204 15.89312021019
3.18 -8.35668456450184 18.6678168818526
3.19 -8.34032026702989 21.474547559845
3.2 -8.32153753385155 24.3119114212966
3.21 -8.30028227791457 27.1784208759045
3.22 -8.27650103429527 30.0728344627856
3.23 -8.25013995163012 32.9972062170426
3.24 -8.22114072923218 35.956085719044
